               open     high      low    close    move  abs_move     st_dev   avg_move  st_dev_move  pct_move  abs_pct_move  st_dev_pct  st_dev_pct_move    diff   avg_diff  avg_diff_multiple  2_st_dev_move  3_st_dev_move  2_st_dev_pct_move  3_st_dev_pct_move  2_mean_diff  3_mean_diff  2_st_dev_move_price  3_st_dev_move_price  2_st_dev_pct_move_price  3_st_dev_pct_move_price  2_mean_diff_move_price  3_mean_diff_move_price
date                                                                                                                                                                                                                                                                                                                                                                                                                                    
2016-03-11  1270.18  1282.69  1248.13  1249.03  -22.97     22.97  10.464542   7.945317     2.195031 -0.018058      0.018058    0.009066         1.991748   34.56  16.097222           2.146954              1              0                  0                  0            1            0              1249.03                  NaN                      NaN                      NaN                 1249.03                     NaN
2016-03-16  1232.60  1263.90  1226.55  1262.27   29.92     29.92  10.659691   8.080079     2.806836  0.024279      0.024279    0.009213         2.635145   37.35  16.282857           2.293823              1              0                  1                  0            1            0              1262.27                  NaN                  1262.27                      NaN                 1262.27                     NaN
2016-03-23  1247.57  1249.37  1215.20  1219.79  -28.22     28.22  10.714295   8.082579     2.633864 -0.022612      0.022612    0.009245         2.445951   34.17  16.309643           2.095080              1              0                  1                  0            1            0              1219.79                  NaN                  1219.79                      NaN                 1219.79                     NaN
2016-04-29  1265.64  1296.65  1265.04  1293.63   28.09     28.09  10.987910   8.258571     2.556446  0.022196      0.022196    0.009422         2.355875   31.61  16.675079           1.895643              1              0                  1                  0            0            0              1293.63                  NaN                  1293.63                      NaN                     NaN                     NaN
2016-05-09  1284.87  1287.45  1261.24  1263.63  -24.55     24.55  11.024519   8.279365     2.226855 -0.019058      0.019058    0.009436         2.019781   26.21  16.759484           1.563891              1              0                  1                  0            0            0              1263.63                  NaN                  1263.63                      NaN                     NaN                     NaN
2016-06-03  1210.95  1244.70  1206.91  1244.19   33.46     33.46  11.332174   8.567500     2.952655  0.027636      0.027636    0.009663         2.859954   37.79  17.057897           2.215396              1              0                  1                  0            1            0              1244.19                  NaN                  1244.19                      NaN                 1244.19                     NaN
2016-06-24  1252.60  1358.35  1250.14  1314.38   58.57     58.57  12.080200   8.974048     4.848430  0.046639      0.046639    0.010204         4.570860  108.21  17.747103           6.097333              1              1                  1                  1            1            1              1314.38              1314.38                  1314.38                  1314.38                 1314.38                 1314.38
2016-10-04  1311.87  1312.98  1266.88  1267.88  -43.61     43.61  12.228888   9.027817     3.566146 -0.033252      0.033252    0.009995         3.326817   46.10  17.964841           2.566123              1              1                  1                  1            1            0              1267.88              1267.88                  1267.88                  1267.88                 1267.88                     NaN
2016-11-11  1258.89  1265.29  1219.03  1227.13  -31.49     31.49  12.398063   9.143730     2.539913 -0.025019      0.025019    0.010064         2.486109   46.26  18.298016           2.528143              1              0                  1                  0            1            0              1227.13                  NaN                  1227.13                      NaN                 1227.13                     NaN
2016-11-23  1212.85  1214.90  1181.61  1186.21  -25.84     25.84  12.445717   9.164643     2.076216 -0.021319      0.021319    0.010077         2.115688   33.29  18.412063           1.808054              1              0                  1                  0            0            0              1186.21                  NaN                  1186.21                      NaN                     NaN                     NaN
2017-05-17  1237.00  1261.17  1236.40  1260.14   23.48     23.48  10.219405   7.350992     2.297590  0.018987      0.018987    0.008096         2.345156   24.77  15.592381           1.588596              1              0                  1                  0            0            0              1260.14                  NaN                  1260.14                      NaN                     NaN                     NaN
2017-07-03  1241.52  1242.63  1218.50  1220.11  -21.16     21.16   9.096785   6.833294     2.326096 -0.017047      0.017047    0.007207         2.365317   24.13  14.406548           1.674933              1              0                  1                  0            0            0              1220.11                  NaN                  1220.11                      NaN                     NaN                     NaN
2017-08-28  1292.85  1312.04  1291.76  1309.81   18.78     18.78   8.775552   6.571429     2.140036  0.014547      0.014547    0.007023         2.071142   20.28  13.754167           1.474462              1              0                  1                  0            0            0              1309.81                  NaN                  1309.81                      NaN                     NaN                     NaN
2017-09-11  1334.67  1339.96  1326.24  1326.50  -18.92     18.92   8.780462   6.576071     2.154784 -0.014063      0.014063    0.007026         2.001604   13.72  13.781032           0.995571              1              0                  1                  0            0            0              1326.50                  NaN                  1326.50                      NaN                     NaN                     NaN
2017-11-20  1292.26  1294.73  1274.47  1276.55  -17.16     17.16   8.009477   6.439405     2.142462 -0.013264      0.013264    0.006422         2.065433   20.26  12.924762           1.567534              1              0                  1                  0            0            0              1276.55                  NaN                  1276.55                      NaN                     NaN                     NaN
2017-12-07  1263.22  1264.38  1243.82  1246.91  -16.02     16.02   7.966294   6.415198     2.010973 -0.012685      0.012685    0.006351         1.997182   20.56  12.669722           1.622766              1              0                  0                  0            0            0              1246.91                  NaN                      NaN                      NaN                     NaN                     NaN
2018-01-24  1340.81  1362.02  1339.41  1357.98   17.07     17.07   7.883708   6.316944     2.165225  0.012730      0.012730    0.006206         2.051369   22.61  12.335357           1.832942              1              0                  1                  0            0            0              1357.98                  NaN                  1357.98                      NaN                     NaN                     NaN
2018-02-02  1347.95  1350.03  1327.36  1332.46  -15.85     15.85   7.890557   6.309087     2.008730 -0.011755      0.011755    0.006192         1.898422   22.67  12.382341           1.830833              1              0                  0                  0            0            0              1332.46                  NaN                      NaN                      NaN                     NaN                     NaN
2018-02-14  1329.39  1355.43  1317.22  1349.93   21.02     21.02   8.058171   6.434841     2.608532  0.015817      0.015817    0.006308         2.507539   38.21  12.601746           3.032120              1              0                  1                  0            1            1              1349.93                  NaN                  1349.93                      NaN                 1349.93                 1349.93
2018-02-20  1346.77  1348.09  1328.40  1329.36  -17.19     17.19   8.088816   6.426508     2.125156 -0.012766      0.012766    0.006323         2.019030   19.69  12.599008           1.562821              1              0                  1                  0            0            0              1329.36                  NaN                  1329.36                      NaN                     NaN                     NaN
2018-03-21  1310.54  1336.59  1309.72  1331.70   21.15     21.15   8.081291   6.395397     2.617156  0.016138      0.016138    0.006278         2.570746   26.87  12.690794           2.117283              1              0                  1                  0            1            0              1331.70                  NaN                  1331.70                      NaN                 1331.70                     NaN
2018-03-23  1329.11  1350.16  1329.11  1346.66   18.18     18.18   8.127744   6.416508     2.236783  0.013685      0.013685    0.006308         2.169408   21.05  12.724484           1.654291              1              0                  1                  0            0            0              1346.66                  NaN                  1346.66                      NaN                     NaN                     NaN
2018-03-28  1345.53  1346.95  1323.35  1324.42  -20.10     20.10   8.251338   6.522937     2.435968 -0.014950      0.014950    0.006396         2.337415   23.60  12.814762           1.841626              1              0                  1                  0            0            0              1324.42                  NaN                  1324.42                      NaN                     NaN                     NaN
2018-04-12  1352.33  1353.10  1333.66  1334.87  -17.91     17.91   8.311776   6.587222     2.154774 -0.013239      0.013239    0.006425         2.060559   19.44  12.891746           1.507942              1              0                  1                  0            0            0              1334.87                  NaN                  1334.87                      NaN                     NaN                     NaN
2018-05-15  1313.43  1314.73  1288.56  1290.21  -22.68     22.68   8.169417   6.463929     2.776208 -0.017275      0.017275    0.006279         2.751245   26.17  12.897619           2.029057              1              0                  1                  0            1            0              1290.21                  NaN                  1290.21                      NaN                 1290.21                     NaN
2018-06-15  1302.00  1302.99  1275.25  1279.24  -22.44     22.44   8.080954   6.262460     2.776900 -0.017239      0.017239    0.006200         2.780503   27.74  12.775675           2.171314              1              0                  1                  0            1            0              1279.24                  NaN                  1279.24                      NaN                 1279.24                     NaN
2018-08-13  1211.34  1213.72  1191.51  1193.09  -17.71     17.71   7.924707   6.144722     2.234783 -0.014627      0.014627    0.006081         2.405429   22.21  12.610357           1.761251              1              0                  1                  0            0            0              1193.09                  NaN                  1193.09                      NaN                     NaN                     NaN
2018-08-15  1193.96  1194.57  1172.99  1174.24  -19.24     19.24   7.992184   6.170873     2.407352 -0.016121      0.016121    0.006145         2.623233   21.58  12.646151           1.706448              1              0                  1                  0            0            0              1174.24                  NaN                  1174.24                      NaN                     NaN                     NaN
2018-08-24  1185.52  1208.45  1183.10  1205.40   20.63     20.63   8.022656   6.201746     2.571467  0.017413      0.017413    0.006196         2.810157   25.35  12.596548           2.012456              1              0                  1                  0            1            0              1205.40                  NaN                  1205.40                      NaN                 1205.40                     NaN
2018-10-11  1194.13  1226.21  1191.13  1223.73   29.53     29.53   7.941125   5.974881     3.718617  0.024728      0.024728    0.006222         3.974409   35.08  12.440238           2.819882              1              1                  1                  1            1            0              1223.73              1223.73                  1223.73                  1223.73                 1223.73                     NaN
2018-11-01  1214.64  1237.28  1214.54  1232.64   18.49     18.49   7.972542   5.972659     2.319210  0.015229      0.015229    0.006260         2.432741   22.74  12.446429           1.827030              1              0                  1                  0            0            0              1232.64                  NaN                  1232.64                      NaN                     NaN                     NaN
2018-12-20  1243.00  1265.23  1242.59  1259.28   17.54     17.54   7.815753   5.806746     2.244186  0.014125      0.014125    0.006158         2.293751   22.64  12.355913           1.832321              1              0                  1                  0            0            0              1259.28                  NaN                  1259.28                      NaN                     NaN                     NaN
2019-01-25  1280.79  1303.91  1279.89  1302.64   21.94     21.94   7.707684   5.692302     2.846510  0.017131      0.017131    0.006101         2.807918   24.02  12.049524           1.993440              1              0                  1                  0            0            0              1302.64                  NaN                  1302.64                      NaN                     NaN                     NaN
2019-03-01  1313.86  1315.17  1290.22  1292.99  -19.61     19.61   7.605293   5.646389     2.578467 -0.014940      0.014940    0.006034         2.476128   24.95  11.685675           2.135093              1              0                  1                  0            1            0              1292.99                  NaN                  1292.99                      NaN                 1292.99                     NaN
2019-03-28  1309.71  1312.19  1288.43  1289.34  -19.72     19.72   7.427179   5.578730     2.655113 -0.015064      0.015064    0.005915         2.546654   23.76  11.512540           2.063837              1              0                  1                  0            1            0              1289.34                  NaN                  1289.34                      NaN                 1289.34                     NaN
2019-04-11  1307.48  1309.06  1289.46  1291.29  -16.67     16.67   7.340991   5.515714     2.270811 -0.012745      0.012745    0.005861         2.174603   19.60  11.380675           1.722218              1              0                  1                  0            0            0              1291.29                  NaN                  1291.29                      NaN                     NaN                     NaN
2019-05-31  1287.78  1306.90  1287.71  1306.27   17.38     17.38   7.329820   5.554603     2.371136  0.013484      0.013484    0.005864         2.299383   19.19  11.270040           1.702745              1              0                  1                  0            0            0              1306.27                  NaN                  1306.27                      NaN                     NaN                     NaN
2019-06-03  1307.47  1327.90  1305.93  1325.37   19.10     19.10   7.427186   5.625040     2.571634  0.014622      0.014622    0.005936         2.463411   21.97  11.324325           1.940071              1              0                  1                  0            0            0              1325.37                  NaN                  1325.37                      NaN                     NaN                     NaN
2019-06-20  1359.91  1393.86  1357.63  1389.37   34.17     34.17   7.653092   5.731151     4.464862  0.025214      0.025214    0.006077         4.148915   36.23  11.589524           3.126099              1              1                  1                  1            1            1              1389.37              1389.37                  1389.37                  1389.37                 1389.37                 1389.37
2019-06-24  1400.09  1420.19  1399.30  1419.01   20.13     20.13   7.733340   5.787143     2.603015  0.014390      0.014390    0.006122         2.350392   20.89  11.692976           1.786543              1              0                  1                  0            0            0              1419.01                  NaN                  1419.01                      NaN                     NaN                     NaN
2019-07-01  1398.13  1398.13  1381.64  1384.23  -26.95     26.95   7.942021   5.888254     3.393343 -0.019097      0.019097    0.006249         3.055983   16.49  11.871468           1.389045              1              1                  1                  1            0            0              1384.23              1384.23                  1384.23                  1384.23                     NaN                     NaN
2019-07-02  1383.34  1416.19  1383.02  1413.30   29.07     29.07   8.141130   5.994127     3.570758  0.021001      0.021001    0.006381         3.291280   33.17  11.951667           2.775345              1              1                  1                  1            1            0              1413.30              1413.30                  1413.30                  1413.30                 1413.30                     NaN
2019-07-10  1396.95  1418.55  1389.84  1418.02   21.42     21.42   8.224985   6.066349     2.604260  0.015337      0.015337    0.006417         2.390260   28.71  12.210119           2.351328              1              0                  1                  0            1            0              1418.02                  NaN                  1418.02                      NaN                 1418.02                     NaN
2019-07-17  1405.64  1426.32  1399.99  1426.31   23.00     23.00   8.384142   6.175595     2.743274  0.016390      0.016390    0.006510         2.517477   26.33  12.303849           2.139981              1              0                  1                  0            1            0              1426.31                  NaN                  1426.31                      NaN                 1426.31                     NaN
2019-07-18  1425.83  1448.04  1414.56  1445.86   19.55     19.55   8.442644   6.216151     2.315625  0.013707      0.013707    0.006542         2.095245   33.48  12.383651           2.703565              1              0                  1                  0            1            0              1445.86                  NaN                  1445.86                      NaN                 1445.86                     NaN
2019-07-19  1445.99  1452.90  1420.06  1425.45  -20.41     20.41   8.548595   6.294444     2.387527 -0.014116      0.014116    0.006608         2.136235   32.84  12.475119           2.632440              1              0                  1                  0            1            0              1425.45                  NaN                  1425.45                      NaN                 1425.45                     NaN
2019-07-31  1430.72  1434.36  1410.42  1412.31  -18.69     18.69   8.658200   6.390516     2.158647 -0.013061      0.013061    0.006665         1.959610   23.94  12.596587           1.900515              1              0                  0                  0            0            0              1412.31                  NaN                      NaN                      NaN                     NaN                     NaN
2019-08-01  1412.58  1445.93  1400.42  1445.84   33.53     33.53   8.899284   6.518175     3.767719  0.023741      0.023741    0.006821         3.480495   45.51  12.751349           3.569034              1              1                  1                  1            1            1              1445.84              1445.84                  1445.84                  1445.84                 1445.84                 1445.84
2019-08-05  1439.80  1469.68  1436.69  1460.98   20.06     20.06   8.909232   6.542976     2.251597  0.013922      0.013922    0.006807         2.045277   32.99  12.822103           2.572901              1              0                  1                  0            1            0              1460.98                  NaN                  1460.98                      NaN                 1460.98                     NaN
2019-08-07  1474.10  1510.35  1472.16  1495.24   22.57     22.57   8.943068   6.601032     2.523742  0.015326      0.015326    0.006797         2.254671   38.19  12.934802           2.952500              1              0                  1                  0            1            0              1495.24                  NaN                  1495.24                      NaN                 1495.24                     NaN
2019-08-23  1498.03  1529.40  1493.45  1526.31   28.49     28.49   9.165000   6.793056     3.108565  0.019021      0.019021    0.006859         2.772976   35.95  13.480476           2.666820              1              1                  1                  0            1            0              1526.31              1526.31                  1526.31                      NaN                 1526.31                     NaN
2019-09-05  1551.70  1552.93  1506.15  1518.72  -33.49     33.49   9.540438   7.051349     3.510321 -0.021576      0.021576    0.007053         3.059151   46.78  13.985635           3.344861              1              1                  1                  1            1            1              1518.72              1518.72                  1518.72                  1518.72                 1518.72                 1518.72
2019-09-25  1531.75  1535.06  1500.36  1503.32  -28.48     28.48   9.814538   7.269405     2.901818 -0.018593      0.018593    0.007160         2.596608   34.70  14.451984           2.401054              1              0                  1                  0            1            0              1503.32                  NaN                  1503.32                      NaN                 1503.32                     NaN
2019-09-30  1494.46  1500.40  1464.41  1472.21  -24.40     24.40   9.908782   7.318294     2.462462 -0.016304      0.016304    0.007202         2.263722   35.99  14.564683           2.471046              1              0                  1                  0            1            0              1472.21                  NaN                  1472.21                      NaN                 1472.21                     NaN
2019-10-02  1478.63  1504.98  1474.42  1499.61   20.80     20.80   9.988895   7.400278     2.082312  0.014065      0.014065    0.007250         1.939961   30.56  14.725992           2.075242              1              0                  0                  0            1            0              1499.61                  NaN                      NaN                      NaN                 1499.61                     NaN
2019-11-05  1509.15  1509.56  1479.29  1483.11  -26.10     26.10  10.051553   7.528254     2.596614 -0.017294      0.017294    0.007165         2.413645   30.27  15.181548           1.993868              1              0                  1                  0            0            0              1483.11                  NaN                  1483.11                      NaN                     NaN                     NaN
2019-11-07  1489.83  1492.19  1460.37  1468.11  -22.00     22.00  10.148268   7.598492     2.167858 -0.014764      0.014764    0.007221         2.044453   31.82  15.245595           2.087160              1              0                  1                  0            1            0              1468.11                  NaN                  1468.11                      NaN                 1468.11                     NaN
2020-01-03  1528.32  1553.48  1527.83  1551.71   22.80     22.80  10.263951   7.664286     2.221367  0.014913      0.014913    0.007217         2.066251   25.65  15.502738           1.654546              1              0                  1                  0            0            0              1551.71                  NaN                  1551.71                      NaN                     NaN                     NaN
2020-02-04  1576.93  1579.55  1548.91  1552.37  -24.06     24.06  10.555986   7.996270     2.279275 -0.015262      0.015262    0.007335         2.080637   30.64  16.339563           1.875203              1              0                  1                  0            0            0              1552.37                  NaN                  1552.37                      NaN                     NaN                     NaN
2020-02-21  1619.71  1649.17  1618.86  1643.01   23.80     23.80  10.575456   8.043810     2.250494  0.014699      0.014699    0.007287         2.017143   30.31  16.413016           1.846705              1              0                  1                  0            0            0              1643.01                  NaN                  1643.01                      NaN                     NaN                     NaN
2020-02-25  1658.50  1663.61  1629.35  1634.57  -23.78     23.78  10.718051   8.167540     2.218687 -0.014340      0.014340    0.007359         1.948512   34.26  16.642857           2.058541              1              0                  0                  0            1            0              1634.57                  NaN                      NaN                      NaN                 1634.57                     NaN
2020-02-28  1643.91  1649.40  1562.87  1585.50  -58.61     58.61  11.341636   8.365476     5.167685 -0.035648      0.035648    0.007690         4.635952   86.53  17.080635           5.065971              1              1                  1                  1            1            1              1585.50              1585.50                  1585.50                  1585.50                 1585.50                 1585.50
2020-03-03  1585.02  1649.23  1584.43  1640.33   51.36     51.36  11.761574   8.532460     4.366763  0.032323      0.032323    0.007930         4.076195   64.80  17.404365           3.723204              1              1                  1                  1            1            1              1640.33              1640.33                  1640.33                  1640.33                 1640.33                 1640.33
2020-03-05  1637.18  1673.79  1634.91  1671.83   35.42     35.42  11.919424   8.606270     2.971620  0.021645      0.021645    0.008003         2.704491   38.88  17.528413           2.218113              1              0                  1                  0            1            0              1671.83                  NaN                  1671.83                      NaN                 1671.83                     NaN
2020-03-10  1679.39  1680.14  1641.43  1648.89  -30.72     30.72  12.090155   8.718690     2.540910 -0.018290      0.018290    0.008093         2.259917   38.71  17.938056           2.157982              1              0                  1                  0            1            0              1648.89                  NaN                  1648.89                      NaN                 1648.89                     NaN
2020-03-12  1633.45  1649.99  1560.53  1577.34  -57.13     57.13  12.669406   8.963492     4.509288 -0.034953      0.034953    0.008418         4.152075   89.46  18.303929           4.887475              1              1                  1                  1            1            1              1577.34              1577.34                  1577.34                  1577.34                 1577.34                 1577.34
2020-03-13  1579.10  1597.82  1504.54  1529.00  -48.34     48.34  13.043959   9.137024     3.705930 -0.030647      0.030647    0.008646         3.544607   93.28  18.641825           5.003802              1              1                  1                  1            1            1              1529.00              1529.00                  1529.00                  1529.00                 1529.00                 1529.00
2020-03-18  1527.50  1545.95  1472.52  1485.70  -42.10     42.10  13.353257   9.327778     3.152789 -0.027556      0.027556    0.008842         3.116554   73.43  19.636190           3.739524              1              1                  1                  1            1            1              1485.70              1485.70                  1485.70                  1485.70                 1485.70                 1485.70
2020-03-23  1503.63  1561.09  1482.27  1552.85   54.95     54.95  13.836646   9.597659     3.971338  0.036685      0.036685    0.009154         4.007296   78.82  20.149841           3.911693              1              1                  1                  1            1            1              1552.85              1552.85                  1552.85                  1552.85                 1552.85                 1552.85
2020-03-24  1554.76  1632.86  1552.17  1626.42   73.57     73.57  14.569973   9.872381     5.049426  0.047377      0.047377    0.009612         4.928859   80.69  20.443571           3.946962              1              1                  1                  1            1            1              1626.42              1626.42                  1626.42                  1626.42                 1626.42                 1626.42
2020-03-31  1622.02  1623.44  1574.29  1575.37  -45.17     45.17  14.890251  10.096270     3.033528 -0.027873      0.027873    0.009796         2.845332   49.15  21.034960           2.336586              1              1                  1                  0            1            0              1575.37              1575.37                  1575.37                      NaN                 1575.37                     NaN
2020-04-06  1615.33  1668.64  1608.69  1657.25   42.35     42.35  15.142365  10.325952     2.796789  0.026225      0.026225    0.009929         2.641298   59.95  21.444762           2.795554              1              0                  1                  0            1            0              1657.25                  NaN                  1657.25                      NaN                 1657.25                     NaN
2020-04-09  1644.42  1690.19  1642.83  1682.86   37.13     37.13  15.303587  10.460992     2.426228  0.022561      0.022561    0.010011         2.253769   47.36  21.705635           2.181922              1              0                  1                  0            1            0              1682.86                  NaN                  1682.86                      NaN                 1682.86                     NaN
2020-04-17  1718.78  1718.78  1679.49  1681.95  -35.99     35.99  15.620552  10.759841     2.304016 -0.020950      0.020950    0.010174         2.059123   39.29  22.225437           1.767794              1              0                  1                  0            0            0              1681.95                  NaN                  1681.95                      NaN                     NaN                     NaN
2020-07-27  1901.50  1945.54  1899.05  1941.60   41.47     41.47  16.174934  11.604444     2.563843  0.021825      0.021825    0.010075         2.166218   46.49  24.387063           1.906339              1              0                  1                  0            0            0              1941.60                  NaN                  1941.60                      NaN                     NaN                     NaN
2020-08-04  1976.44  2019.85  1965.65  2018.90   42.46     42.46  16.380272  11.749484     2.592143  0.021483      0.021483    0.010124         2.122088   54.20  24.688770           2.195330              1              0                  1                  0            1            0              2018.90                  NaN                  2018.90                      NaN                 2018.90                     NaN
2020-08-11  2027.51  2029.95  1901.09  1911.32 -115.90    115.90  18.106739  12.292619     6.400932 -0.057172      0.057172    0.010792         5.297490  128.86  25.449206           5.063419              1              1                  1                  1            1            1              1911.32              1911.32                  1911.32                  1911.32                 1911.32                 1911.32
2020-08-13  1915.03  1966.23  1912.69  1953.20   36.70     36.70  18.233434  12.421905     2.012786  0.019149      0.019149    0.010847         1.765471   53.54  25.913810           2.066080              1              0                  0                  0            1            0              1953.20                  NaN                      NaN                      NaN                 1953.20                     NaN
2020-08-17  1946.43  1990.62  1929.53  1985.04   41.20     41.20  18.338372  12.506706     2.246655  0.021195      0.021195    0.010868         1.950210   61.09  26.012500           2.348486              1              0                  0                  0            1            0              1985.04                  NaN                      NaN                      NaN                 1985.04                     NaN
2020-08-19  2001.79  2006.45  1924.58  1929.16  -72.57     72.57  18.929644  12.787460     3.833670 -0.036254      0.036254    0.011114         3.262076   81.87  26.360040           3.105838              1              1                  1                  1            1            1              1929.16              1929.16                  1929.16                  1929.16                 1929.16                 1929.16
2020-11-05  1903.00  1952.71  1902.12  1948.66   46.20     46.20  19.952792  13.826548     2.315465  0.024284      0.024284    0.011360         2.137776   50.59  28.699167           1.762769              1              0                  1                  0            0            0              1948.66                  NaN                  1948.66                      NaN                     NaN                     NaN
2020-11-09  1954.95  1965.41  1850.31  1862.58  -88.59     88.59  20.748270  14.159881     4.269754 -0.045404      0.045404    0.011730         3.870627  115.10  29.149881           3.948558              1              1                  1                  1            1            1              1862.58              1862.58                  1862.58                  1862.58                 1862.58                 1862.58
2021-01-04  1904.14  1944.43  1901.59  1942.34   44.20     44.20  21.530760  15.159960     2.052877  0.023286      0.023286    0.012071         1.929134   42.84  31.014008           1.381311              1              0                  0                  0            0            0              1942.34                  NaN                      NaN                      NaN                     NaN                     NaN
2021-01-08  1913.64  1917.36  1828.21  1848.14  -65.38     65.38  22.033720  15.513611     2.967270 -0.034167      0.034167    0.012314         2.774610   89.15  31.575952           2.823351              1              0                  1                  0            1            0              1848.14                  NaN                  1848.14                      NaN                 1848.14                     NaN
2021-06-16  1858.99  1862.81  1803.39  1811.80  -46.83     46.83  20.019246  14.098849     2.339249 -0.025196      0.025196    0.010561         2.385673   59.42  28.901548           2.055945              1              0                  1                  0            1            0              1811.80                  NaN                  1811.80                      NaN                 1811.80                     NaN
2021-08-06  1804.65  1804.68  1758.65  1763.62  -40.25     40.25  18.074858  12.946429     2.226850 -0.022313      0.022313    0.009686         2.303707   46.03  27.132897           1.696465              1              0                  1                  0            0            0              1763.62                  NaN                  1763.62                      NaN                     NaN                     NaN
2021-09-16  1794.12  1796.12  1745.20  1753.33  -40.23     40.23  17.201502  12.370040     2.338749 -0.022430      0.022430    0.009345         2.400247   50.92  25.533810           1.994219              1              0                  1                  0            0            0              1753.33                  NaN                  1753.33                      NaN                     NaN                     NaN
2021-11-22  1844.76  1849.02  1802.15  1804.57  -41.41     41.41  15.788123  11.622778     2.622858 -0.022433      0.022433    0.008719         2.572885   46.87  24.477421           1.914826              1              0                  1                  0            0            0              1804.57                  NaN                  1804.57                      NaN                     NaN                     NaN
2022-02-11  1826.32  1865.22  1820.72  1857.76   31.40     31.40  14.170806  10.520516     2.215823  0.017193      0.017193    0.007905         2.174897   44.50  22.487222           1.978902              1              0                  1                  0            0            0              1857.76                  NaN                  1857.76                      NaN                     NaN                     NaN
2022-02-17  1869.58  1901.06  1867.66  1898.09   28.95     28.95  14.027324  10.521706     2.063829  0.015488      0.015488    0.007813         1.982305   33.40  22.352143           1.494264              1              0                  0                  0            0            0              1898.09                  NaN                      NaN                      NaN                     NaN                     NaN
2022-03-01  1907.03  1950.17  1901.19  1944.71   36.32     36.32  13.938909  10.404643     2.605656  0.019032      0.019032    0.007723         2.464315   48.98  22.521508           2.174810              1              0                  1                  0            1            0              1944.71                  NaN                  1944.71                      NaN                 1944.71                     NaN
2022-03-04  1936.77  1970.57  1929.62  1969.69   34.30     34.30  14.139194  10.583254     2.425881  0.017723      0.017723    0.007818         2.266846   40.95  22.644365           1.808397              1              0                  1                  0            0            0              1969.69                  NaN                  1969.69                      NaN                     NaN                     NaN
2022-03-08  1996.32  2070.20  1981.01  2049.59   52.10     52.10  14.577451  10.845635     3.574013  0.026083      0.026083    0.008014         3.254637   89.19  22.995317           3.878616              1              1                  1                  1            1            1              2049.59              2049.59                  2049.59                  2049.59                 2049.59                 2049.59
2022-03-09  2049.14  2059.13  1975.92  1991.48  -58.11     58.11  15.036321  11.041706     3.864642 -0.028352      0.028352    0.008212         3.452323   83.21  23.182024           3.589419              1              1                  1                  1            1            1              1991.48              1991.48                  1991.48                  1991.48                 1991.48                 1991.48
2022-03-14  1988.16  1989.99  1949.56  1950.41  -37.43     37.43  15.209533  11.140476     2.460956 -0.018829      0.018829    0.008288         2.271774   40.43  23.440635           1.724783              1              0                  1                  0            0            0              1950.41                  NaN                  1950.41                      NaN                     NaN                     NaN
2022-03-15  1952.12  1954.51  1906.97  1917.73  -32.68     32.68  15.350425  11.241627     2.128931 -0.016755      0.016755    0.008356         2.005137   47.54  23.570952           2.016889              1              0                  1                  0            1            0              1917.73                  NaN                  1917.73                      NaN                 1917.73                     NaN
2022-03-28  1956.82  1958.63  1916.94  1922.59  -35.42     35.42  15.438021  11.320556     2.294336 -0.018090      0.018090    0.008354         2.165500   41.69  23.788413           1.752534              1              0                  1                  0            0            0              1922.59                  NaN                  1922.59                      NaN                     NaN                     NaN
2022-04-25  1930.62  1934.20  1891.33  1897.86  -33.43     33.43  15.509836  11.316746     2.155406 -0.017310      0.017310    0.008345         2.074173   42.87  24.044167           1.782969              1              0                  1                  0            0            0              1897.86                  NaN                  1897.86                      NaN                     NaN                     NaN
2022-05-02  1896.57  1899.84  1854.46  1862.72  -34.38     34.38  15.587723  11.370437     2.205582 -0.018122      0.018122    0.008378         2.163202   45.38  24.104762           1.882616              1              0                  1                  0            0            0              1862.72                  NaN                  1862.72                      NaN                     NaN                     NaN
2022-06-13  1875.00  1878.71  1817.86  1819.04  -52.17     52.17  15.546102  11.406548     3.355825 -0.027880      0.027880    0.008353         3.337657   60.85  24.202976           2.514154              1              1                  1                  1            1            0              1819.04              1819.04                  1819.04                  1819.04                 1819.04                     NaN
2022-07-05  1807.49  1812.06  1762.69  1762.69  -44.81     44.81  15.948183  11.741429     2.809725 -0.024791      0.024791    0.008578         2.890073   49.37  24.523254           2.013191              1              0                  1                  0            1            0              1762.69                  NaN                  1762.69                      NaN                 1762.69                     NaN
2022-09-15  1697.15  1698.08  1660.27  1664.60  -32.61     32.61  15.740084  11.934643     2.071781 -0.019214      0.019214    0.008497         2.261149   37.81  24.616905           1.535936              1              0                  1                  0            0            0              1664.60                  NaN                  1664.60                      NaN                     NaN                     NaN
2022-10-03  1662.57  1701.49  1659.50  1699.71   39.50     39.50  16.056438  12.174603     2.460072  0.023792      0.023792    0.008723         2.727379   41.99  24.962103           1.682150              1              0                  1                  0            0            0              1699.71                  NaN                  1699.71                      NaN                     NaN                     NaN
2022-11-04  1628.45  1684.21  1628.36  1684.21   56.20     56.20  16.405300  12.379960     3.425722  0.034521      0.034521    0.009022         3.826261   55.85  25.418968           2.197178              1              1                  1                  1            1            0              1684.21              1684.21                  1684.21                  1684.21                 1684.21                     NaN
2022-11-08  1674.86  1716.91  1665.94  1712.01   36.56     36.56  16.527117  12.443929     2.212122  0.021821      0.021821    0.009107         2.396137   50.97  25.498135           1.998970              1              0                  1                  0            0            0              1712.01                  NaN                  1712.01                      NaN                     NaN                     NaN
2022-11-10  1705.73  1757.14  1703.71  1755.60   48.99     48.99  16.796898  12.575397     2.916610  0.028706      0.028706    0.009276         3.094518   53.43  25.636746           2.084118              1              0                  1                  1            1            0              1755.60                  NaN                  1755.60                  1755.60                 1755.60                     NaN
2022-12-01  1768.71  1803.92  1768.22  1802.80   34.80     34.80  16.798408  12.656111     2.071625  0.019683      0.019683    0.009289         2.119078   35.70  25.561230           1.396646              1              0                  1                  0            0            0              1802.80                  NaN                  1802.80                      NaN                     NaN                     NaN
2023-02-02  1950.86  1959.58  1911.20  1912.15  -38.11     38.11  17.495058  13.406389     2.178329 -0.019541      0.019541    0.009645         2.026012   48.38  26.645437           1.815696              1              0                  1                  0            0            0              1912.15                  NaN                  1912.15                      NaN                     NaN                     NaN
2023-02-03  1911.87  1918.49  1861.27  1864.42  -47.73     47.73  17.644855  13.471190     2.705038 -0.024961      0.024961    0.009715         2.569382   57.22  26.695913           2.143399              1              0                  1                  0            1            0              1864.42                  NaN                  1864.42                      NaN                 1864.42                     NaN
2023-03-07  1846.34  1851.62  1812.07  1813.11  -33.40     33.40  16.258003  12.411111     2.054373 -0.018088      0.018088    0.009091         1.989684   39.55  24.945317           1.585468              1              0                  0                  0            0            0              1813.11                  NaN                      NaN                      NaN                     NaN                     NaN